Name,Age,Occupation
Kalina,20,Accountant
Saidur,21,Videoagrapher
Xin,22,Manager
,,
save,,
